<?xml version="1.0" encoding="UTF-8" standalone="no"?>
<!DOCTYPE svg PUBLIC "-//W3C//DTD SVG 20010904//EN"
              "http://www.w3.org/TR/2001/REC-SVG-20010904/DTD/svg10.dtd">

<svg xmlns="http://www.w3.org/2000/svg"
     width="5.68889in" height="5.68889in"
     viewBox="0 0 512 512">
  <path id="Selection"
        fill="none" stroke="black" stroke-width="1"
        d="M 377.00,60.00
           C 377.00,60.00 377.00,107.00 377.00,107.00
             368.04,106.69 370.27,103.95 363.99,99.70
             360.42,97.29 357.14,97.05 353.00,97.00
             353.00,97.00 338.00,97.00 338.00,97.00
             327.23,97.00 317.54,96.54 313.25,109.00
             312.16,112.17 312.07,114.72 312.00,118.00
             303.84,118.00 294.01,116.77 287.17,121.99
             280.65,126.97 280.01,132.45 280.00,140.00
             279.99,149.19 278.89,157.09 287.04,163.58
             293.35,168.61 304.33,168.00 312.00,168.00
             312.00,168.00 312.00,183.00 312.00,183.00
             312.00,183.00 265.00,183.00 265.00,183.00
             265.00,165.30 264.40,147.37 244.00,141.05
             240.25,139.89 237.83,140.01 234.00,140.00
             234.00,140.00 30.00,140.00 30.00,140.00
             11.64,140.03 0.03,151.65 0.00,170.00
             0.00,170.00 0.00,249.00 0.00,249.00
             0.00,249.00 0.00,342.00 0.00,342.00
             0.01,346.31 -0.10,348.82 1.39,353.00
             4.67,362.23 13.25,369.96 23.00,371.92
             23.00,371.92 40.00,371.92 40.00,371.92
             40.00,371.92 62.00,371.92 62.00,371.92
             62.00,371.92 234.00,371.92 234.00,371.92
             237.76,371.99 240.34,372.12 244.00,370.90
             264.53,364.01 265.00,347.15 265.00,329.00
             265.00,329.00 312.00,329.00 312.00,329.00
             312.00,329.00 312.00,344.00 312.00,344.00
             304.88,344.00 294.00,343.42 288.01,347.65
             284.90,349.84 282.08,353.38 280.85,357.00
             279.88,359.88 280.00,363.00 280.00,366.00
             279.99,375.34 278.73,383.57 287.17,390.01
             294.01,395.23 303.84,394.00 312.00,394.00
             312.06,396.91 312.12,399.15 312.94,402.00
             317.31,417.16 330.72,415.00 343.00,415.00
             347.34,415.00 356.22,415.38 360.00,414.20
             369.20,411.32 366.24,405.38 377.00,405.00
             377.00,405.00 377.00,452.00 377.00,452.00
             373.72,452.07 371.17,452.16 368.00,453.25
             351.88,458.79 354.84,477.48 355.00,491.00
             355.15,503.21 361.06,511.82 374.00,512.00
             374.00,512.00 491.00,512.00 491.00,512.00
             493.99,512.00 497.11,512.10 500.00,511.20
             514.04,506.80 512.00,493.45 512.00,482.00
             512.00,469.65 513.89,457.69 499.00,453.05
             495.96,452.11 494.11,452.07 491.00,452.00
             491.00,452.00 491.00,405.00 491.00,405.00
             499.26,404.61 506.86,402.05 510.59,394.00
             512.64,389.56 512.00,381.99 512.00,377.00
             512.00,377.00 512.00,343.00 512.00,343.00
             512.00,343.00 512.00,162.00 512.00,162.00
             512.00,162.00 512.00,134.00 512.00,134.00
             512.00,129.79 512.45,122.76 511.01,119.00
             507.68,110.30 499.59,107.40 491.00,107.00
             491.00,107.00 491.00,60.00 491.00,60.00
             494.06,59.93 496.02,59.89 499.00,58.94
             512.24,54.73 512.00,45.39 512.00,34.00
             512.00,34.00 512.00,19.00 512.00,19.00
             511.94,6.78 505.22,0.06 493.00,0.00
             493.00,0.00 374.00,0.00 374.00,0.00
             361.06,0.18 355.15,8.79 355.00,21.00
             354.84,34.43 351.95,53.23 368.00,58.75
             371.17,59.84 373.72,59.93 377.00,60.00 Z
           M 495.00,17.00
           C 495.00,17.00 495.00,34.00 495.00,34.00
             495.00,36.30 495.41,40.26 493.43,41.83
             491.30,43.50 482.95,43.00 480.00,43.00
             480.00,43.00 444.00,43.00 444.00,43.00
             441.44,43.01 438.34,42.81 436.02,44.02
             430.63,46.84 429.51,53.45 434.23,57.49
             437.03,59.89 440.52,59.95 444.00,60.00
             444.00,60.00 474.00,60.00 474.00,60.00
             474.00,60.00 474.00,107.00 474.00,107.00
             474.00,107.00 394.00,107.00 394.00,107.00
             394.00,107.00 394.00,60.00 394.00,60.00
             399.12,60.00 407.79,60.90 411.77,57.49
             417.11,52.92 416.13,43.09 403.00,43.00
             403.00,43.00 380.00,43.00 380.00,43.00
             378.22,42.96 375.86,43.00 374.31,41.98
             371.95,40.40 372.05,37.52 372.00,35.00
             372.00,35.00 372.00,27.00 372.00,27.00
             372.00,24.50 371.62,19.70 373.74,17.99
             375.28,16.75 379.06,17.00 381.00,17.00
             381.00,17.00 401.00,17.00 401.00,17.00
             401.00,17.00 495.00,17.00 495.00,17.00 Z
           M 372.00,124.00
           C 372.00,124.00 485.00,124.00 485.00,124.00
             491.86,124.01 494.86,123.20 495.00,131.00
             495.00,131.00 495.00,183.00 495.00,183.00
             495.00,183.00 495.00,379.00 495.00,379.00
             495.00,380.94 495.25,384.72 494.01,386.26
             492.52,388.11 489.15,387.97 487.00,388.00
             487.00,388.00 466.00,388.00 466.00,388.00
             466.00,388.00 372.00,388.00 372.00,388.00
             372.00,388.00 372.00,207.00 372.00,207.00
             371.99,204.44 372.19,201.34 370.98,199.02
             368.16,193.63 361.55,192.51 357.51,197.23
             354.73,200.48 355.01,205.00 355.00,209.00
             355.00,209.00 355.00,389.00 355.00,389.00
             354.99,395.74 355.49,397.86 348.00,398.00
             348.00,398.00 337.00,398.00 337.00,398.00
             327.80,397.94 329.00,396.86 329.00,382.00
             329.00,382.00 329.00,333.00 329.00,333.00
             329.00,333.00 329.00,123.00 329.00,123.00
             329.00,121.01 328.77,117.19 330.02,115.60
             331.98,113.12 343.64,113.98 347.00,114.00
             349.13,114.02 352.51,113.74 353.98,115.60
             355.23,117.19 355.00,121.01 355.00,123.00
             355.00,123.00 355.00,163.00 355.00,163.00
             355.01,167.00 354.73,171.52 357.51,174.77
             361.55,179.49 368.16,178.37 370.98,172.98
             372.19,170.66 371.99,167.56 372.00,165.00
             372.00,165.00 372.00,124.00 372.00,124.00 Z
           M 312.00,135.00
           C 312.00,135.00 312.00,150.00 312.00,150.00
             309.23,150.00 300.52,150.50 298.60,148.98
             296.06,146.97 296.20,137.12 299.31,135.60
             301.16,134.69 309.48,135.00 312.00,135.00 Z
           M 43.00,157.00
           C 43.00,157.00 43.00,186.00 43.00,186.00
             43.01,190.77 42.67,195.18 47.11,198.26
             50.00,200.27 53.66,199.99 57.00,200.00
             57.00,200.00 90.00,200.00 90.00,200.00
             90.00,200.00 247.00,200.00 247.00,200.00
             247.00,200.00 247.00,226.00 247.00,226.00
             247.00,226.00 60.00,226.00 60.00,226.00
             58.98,217.22 51.19,211.76 45.43,218.23
             42.67,221.32 43.01,225.15 43.00,229.00
             43.00,229.00 43.00,355.00 43.00,355.00
             43.00,355.00 34.00,355.00 34.00,355.00
             30.54,354.99 27.20,355.19 24.02,353.55
             18.30,350.61 17.08,345.91 17.00,340.00
             17.00,340.00 17.00,313.00 17.00,313.00
             17.00,313.00 17.00,174.00 17.00,174.00
             17.00,171.48 16.89,168.40 17.65,166.00
             21.18,154.80 33.86,157.00 43.00,157.00 Z
           M 247.00,183.00
           C 247.00,183.00 60.00,183.00 60.00,183.00
             60.00,183.00 60.00,157.00 60.00,157.00
             60.00,157.00 230.00,157.00 230.00,157.00
             232.53,157.00 235.59,156.89 238.00,157.65
             249.57,161.28 247.00,173.55 247.00,183.00 Z
           M 312.00,200.00
           C 312.00,200.00 312.00,312.00 312.00,312.00
             312.00,312.00 265.00,312.00 265.00,312.00
             265.00,312.00 265.00,200.00 265.00,200.00
             265.00,200.00 312.00,200.00 312.00,200.00 Z
           M 247.00,243.00
           C 247.00,243.00 247.00,269.00 247.00,269.00
             247.00,269.00 60.00,269.00 60.00,269.00
             60.00,269.00 60.00,243.00 60.00,243.00
             60.00,243.00 247.00,243.00 247.00,243.00 Z
           M 247.00,286.00
           C 247.00,286.00 247.00,312.00 247.00,312.00
             247.00,312.00 60.00,312.00 60.00,312.00
             60.00,312.00 60.00,286.00 60.00,286.00
             60.00,286.00 247.00,286.00 247.00,286.00 Z
           M 247.00,329.00
           C 247.00,329.00 247.00,339.00 247.00,339.00
             247.00,341.95 247.21,345.30 245.83,347.98
             242.96,353.55 237.73,354.92 232.00,355.00
             232.00,355.00 203.00,355.00 203.00,355.00
             203.00,355.00 60.00,355.00 60.00,355.00
             60.00,355.00 60.00,329.00 60.00,329.00
             60.00,329.00 247.00,329.00 247.00,329.00 Z
           M 312.00,362.00
           C 312.00,362.00 312.00,377.00 312.00,377.00
             309.23,377.00 300.52,377.50 298.60,375.98
             296.06,373.97 296.20,364.12 299.31,362.60
             301.16,361.69 309.48,362.00 312.00,362.00 Z
           M 474.00,405.00
           C 474.00,405.00 474.00,452.00 474.00,452.00
             474.00,452.00 450.00,452.00 450.00,452.00
             446.51,452.00 440.09,451.68 437.02,452.89
             431.01,455.26 429.10,462.21 434.15,466.69
             437.10,469.31 440.34,468.99 444.00,469.00
             444.00,469.00 485.00,469.00 485.00,469.00
             487.26,469.00 491.62,468.75 493.43,470.17
             495.15,471.53 494.96,474.04 495.00,476.00
             495.00,476.00 495.00,495.00 495.00,495.00
             495.00,495.00 381.00,495.00 381.00,495.00
             379.06,495.00 375.28,495.25 373.74,494.01
             371.20,491.95 371.98,481.37 372.00,478.00
             372.02,475.65 371.81,472.39 373.60,470.60
             375.23,468.96 377.86,469.04 380.00,469.00
             380.00,469.00 404.00,469.00 404.00,469.00
             415.46,468.78 417.33,459.26 411.77,454.51
             407.79,451.10 399.12,452.00 394.00,452.00
             394.00,452.00 394.00,405.00 394.00,405.00
             394.00,405.00 474.00,405.00 474.00,405.00 Z" />
</svg>
